Tao’s:
on feature850-2:	0.2116
on feature1858-2:	0.2007

bgd—1700-1700-on-feature850-2:
[20.0, 31.666666666666664, 23.333333333333332, 34.166666666666664, 21.666666666666668, 29.166666666666668, 19.166666666666664, 32.5, 14.166666666666666]
mean:	0.250925925926
std:	0.0660205313703

mlp3-1700-1700-on-feature850-2:
[0.19166668, 0.33333337, 0.175, 0.25833333, 0.25, 0.23333335, 0.25, 0.25833333, 0.15000001]
mean:	0.233333
std:	0.051520

mlp4-1700-1700-on-feature850-2:
[array(0.1666666865348816, dtype=float32), array(0.34166669845581055, dtype=float32), array(0.18333333730697632, dtype=float32), array(0.28333333134651184, dtype=float32), array(0.21666668355464935, dtype=float32), array(0.2083333283662796, dtype=float32), array(0.21666668355464935, dtype=float32), array(0.23333334922790527, dtype=float32), array(0.17499999701976776, dtype=float32)]
mean:	0.225000
std:	0.0528508

mlpws-1700-1200-on-feature1406-2:
[0.26666671, 0.26666671, 0.18333334, 0.175, 0.15000001, 0.18333334, 0.22500001, 0.10833334, 0.175]
mean:	0.192592607604
std:	0.0491351962464

mlpws-1700-1200-wd0.0005-on-feature1406-2-1-shuffle:
[0.33333337, 0.21666668, 0.24166667, 0.20000002, 0.20000002, 0.18333334, 0.15000001, 0.16666669, 0.23333335]
mean:	0.213888910082
std:	0.050613525736


SVM-on-feature850-2:
kernel=linear
[0.325, 0.39166666666666666, 0.3, 0.325, 0.3416666666666667, 0.2916666666666667, 0.25, 0.325, 0.225]
0.308333333333
0.0466468211771
kernel=poly
[0.4583333333333333, 0.475, 0.4166666666666667, 0.525, 0.4583333333333333, 0.425, 0.3, 0.4666666666666667, 0.4083333333333333]
0.437037037037
0.0588090537341
kernel=rbf
[0.4583333333333333, 0.475, 0.4666666666666667, 0.5166666666666667, 0.4583333333333333, 0.49166666666666664, 0.3333333333333333, 0.4666666666666667, 0.4166666666666667]
0.453703703704
0.0495521783713
kernel=sigmoid
[0.5, 0.5, 0.5, 0.5, 0.5, 0.5, 0.5, 0.5, 0.5]
0.5
0.0

SVM-on-feature1406-2:
kernel=linear
[0.35, 0.3333333333333333, 0.26666666666666666, 0.25833333333333336, 0.3333333333333333, 0.26666666666666666, 0.2833333333333333, 0.2916666666666667, 0.2]
0.287037037037
0.0441152935169
kernel=poly
[0.375, 0.35, 0.3416666666666667, 0.3, 0.38333333333333336, 0.2833333333333333, 0.3416666666666667, 0.325, 0.23333333333333334]
0.325925925926
0.0445215380747
kernel=rbf
[0.36666666666666664, 0.35833333333333334, 0.3416666666666667, 0.3, 0.39166666666666666, 0.26666666666666666, 0.35, 0.325, 0.24166666666666667]
0.326851851852
0.0461107392518
kernel=sigmoid
[0.5, 0.5, 0.5, 0.5, 0.5, 0.5, 0.5, 0.5, 0.5]
0.5
0.0